Converging iteration : 68
x1 : 0.011023
x2 : 0.020899
x3 : 0.028647
x4 : 0.033571
x5 : 0.035254
x6 : 0.033571
x7 : 0.028647
x8 : 0.020899
x9 : 0.011023
x10 : 0.023205
x11 : 0.043931
x12 : 0.060134
x13 : 0.070381
x14 : 0.073887
x15 : 0.070381
x16 : 0.060134
x17 : 0.043931
x18 : 0.023205
x19 : 0.037882
x20 : 0.071534
x21 : 0.097613
x22 : 0.113999
x23 : 0.119564
x24 : 0.113999
x25 : 0.097613
x26 : 0.071534
x27 : 0.037882
x28 : 0.056837
x29 : 0.10677
x30 : 0.144899
x31 : 0.168518
x32 : 0.176498
x33 : 0.168518
x34 : 0.144899
x35 : 0.10677
x36 : 0.056837
x37 : 0.082721
x38 : 0.153892
x39 : 0.20676
x40 : 0.238793
x41 : 0.249461
x42 : 0.238793
x43 : 0.20676
x44 : 0.153892
x45 : 0.082721
x46 : 0.120189
x47 : 0.21935
x48 : 0.289548
x49 : 0.33049
x50 : 0.343875
x51 : 0.33049
x52 : 0.289548
x53 : 0.21935
x54 : 0.120189
x55 : 0.178704
x56 : 0.313841
x57 : 0.401654
x58 : 0.44987
x59 : 0.46514
x60 : 0.44987
x61 : 0.401654
x62 : 0.313841
x63 : 0.178704
x64 : 0.280819
x65 : 0.455697
x66 : 0.553459
x67 : 0.602281
x68 : 0.617078
x69 : 0.602281
x70 : 0.553459
x71 : 0.455697
x72 : 0.280819
x73 : 0.488881
x74 : 0.674705
x75 : 0.754237
x76 : 0.788794
x77 : 0.798662
x78 : 0.788794
x79 : 0.754237
x80 : 0.674705
x81 : 0.488881
