Converging iteration : 24
x1 : 0.011075
x2 : 0.020993
x3 : 0.028775
x4 : 0.033716
x5 : 0.035407
x6 : 0.033716
x7 : 0.028775
x8 : 0.020993
x9 : 0.011075
x10 : 0.023307
x11 : 0.044124
x12 : 0.060391
x13 : 0.070681
x14 : 0.074195
x15 : 0.070681
x16 : 0.060391
x17 : 0.044124
x18 : 0.023307
x19 : 0.038027
x20 : 0.071804
x21 : 0.097984
x22 : 0.114422
x23 : 0.120012
x24 : 0.114422
x25 : 0.097984
x26 : 0.071804
x27 : 0.038027
x28 : 0.056999
x29 : 0.107081
x30 : 0.145318
x31 : 0.169012
x32 : 0.177009
x33 : 0.169012
x34 : 0.145318
x35 : 0.107081
x36 : 0.056999
x37 : 0.082887
x38 : 0.154204
x39 : 0.207196
x40 : 0.239299
x41 : 0.250000
x42 : 0.239299
x43 : 0.207196
x44 : 0.154204
x45 : 0.082887
x46 : 0.120344
x47 : 0.219651
x48 : 0.289963
x49 : 0.330988
x50 : 0.344393
x51 : 0.330988
x52 : 0.289963
x53 : 0.219651
x54 : 0.120344
x55 : 0.178837
x56 : 0.314095
x57 : 0.402016
x58 : 0.450296
x59 : 0.465596
x60 : 0.450296
x61 : 0.402016
x62 : 0.314095
x63 : 0.178837
x64 : 0.280910
x65 : 0.455876
x66 : 0.553710
x67 : 0.602586
x68 : 0.617397
x69 : 0.602586
x70 : 0.553710
x71 : 0.455876
x72 : 0.280910
x73 : 0.488925
x74 : 0.674790
x75 : 0.754360
x76 : 0.788942
x77 : 0.798820
x78 : 0.788942
x79 : 0.754360
x80 : 0.674790
x81 : 0.488925
