Converging iteration : 230
x1 : 0.011075
x2 : 0.020993
x3 : 0.028774
x4 : 0.033715
x5 : 0.035405
x6 : 0.033715
x7 : 0.028774
x8 : 0.020993
x9 : 0.011075
x10 : 0.023306
x11 : 0.044122
x12 : 0.060389
x13 : 0.070679
x14 : 0.074193
x15 : 0.070679
x16 : 0.060389
x17 : 0.044122
x18 : 0.023306
x19 : 0.038026
x20 : 0.071802
x21 : 0.097981
x22 : 0.114419
x23 : 0.120009
x24 : 0.114419
x25 : 0.097981
x26 : 0.071802
x27 : 0.038026
x28 : 0.056998
x29 : 0.107079
x30 : 0.145315
x31 : 0.169009
x32 : 0.177006
x33 : 0.169009
x34 : 0.145315
x35 : 0.107079
x36 : 0.056998
x37 : 0.082885
x38 : 0.154202
x39 : 0.207193
x40 : 0.239295
x41 : 0.249996
x42 : 0.239295
x43 : 0.207193
x44 : 0.154202
x45 : 0.082885
x46 : 0.120343
x47 : 0.219649
x48 : 0.289960
x49 : 0.330984
x50 : 0.344389
x51 : 0.330984
x52 : 0.289960
x53 : 0.219649
x54 : 0.120343
x55 : 0.178836
x56 : 0.314093
x57 : 0.402014
x58 : 0.450293
x59 : 0.465593
x60 : 0.450293
x61 : 0.402014
x62 : 0.314093
x63 : 0.178836
x64 : 0.280909
x65 : 0.455875
x66 : 0.553708
x67 : 0.602584
x68 : 0.617395
x69 : 0.602584
x70 : 0.553708
x71 : 0.455875
x72 : 0.280909
x73 : 0.488925
x74 : 0.674790
x75 : 0.754360
x76 : 0.788941
x77 : 0.798819
x78 : 0.788941
x79 : 0.754360
x80 : 0.674790
x81 : 0.488925
