Converging iteration : 125
x1 : 0.011075
x2 : 0.020993
x3 : 0.028774
x4 : 0.033715
x5 : 0.035406
x6 : 0.033715
x7 : 0.028775
x8 : 0.020993
x9 : 0.011075
x10 : 0.023306
x11 : 0.044123
x12 : 0.060390
x13 : 0.070680
x14 : 0.074194
x15 : 0.070680
x16 : 0.060390
x17 : 0.044123
x18 : 0.023306
x19 : 0.038027
x20 : 0.071803
x21 : 0.097983
x22 : 0.114421
x23 : 0.120011
x24 : 0.114421
x25 : 0.097983
x26 : 0.071803
x27 : 0.038027
x28 : 0.056998
x29 : 0.107080
x30 : 0.145317
x31 : 0.169010
x32 : 0.177007
x33 : 0.169011
x34 : 0.145317
x35 : 0.107080
x36 : 0.056998
x37 : 0.082886
x38 : 0.154203
x39 : 0.207194
x40 : 0.239297
x41 : 0.249998
x42 : 0.239297
x43 : 0.207195
x44 : 0.154203
x45 : 0.082886
x46 : 0.120343
x47 : 0.219650
x48 : 0.289961
x49 : 0.330986
x50 : 0.344391
x51 : 0.330986
x52 : 0.289962
x53 : 0.219651
x54 : 0.120343
x55 : 0.178837
x56 : 0.314094
x57 : 0.402015
x58 : 0.450295
x59 : 0.465594
x60 : 0.450295
x61 : 0.402015
x62 : 0.314095
x63 : 0.178837
x64 : 0.280909
x65 : 0.455876
x66 : 0.553709
x67 : 0.602585
x68 : 0.617396
x69 : 0.602585
x70 : 0.553709
x71 : 0.455876
x72 : 0.280909
x73 : 0.488925
x74 : 0.674790
x75 : 0.754360
x76 : 0.788941
x77 : 0.798820
x78 : 0.788941
x79 : 0.754360
x80 : 0.674790
x81 : 0.488925
