Converging iteration : 0
x1 : -0.213388
x2 : -1.171573
x3 : 0.000001
x4 : -1.171573
x5 : 0.000001
x6 : 0.000001
x7 : 0.000001
x8 : 0.000001
x9 : 0.000001
