Converging iteration : 1000
x1 : 0.000000
x2 : 0.000000
x3 : 0.000000
x4 : 0.000000
x5 : -0.000000
x6 : 0.000000
x7 : 0.250000
x8 : 0.250000
x9 : 0.250000
